54
55
56
59
61
62
70
71
72
80
85
120
127
128
133
162
190
192
202
1619
1627
1630
1638
1640
1648
1679
266
285
289
311
342
347
348
352
353
363
366
368
371
392
395
397
398
400
401
405
417
418
426
480
486
487
488
489
491
492
493
514
521
536
548
549
558
562
573
579
580
582
589
590
591
592
593
594
613
623
625
632
644
648
659
660
661
711
732
759
773
775
824
826
827
876
910
928
929
930
964
984
999
1050
1068
1115
1124
1125
1127
1144
1145
1171
1181
1182
1208
1209
1221
1224
1227
1243
1252
1267
1275
1303
1315
1321
1359
1364
1367
1368
1371
1374
1396
1423
1456
1482
1483
1490
1492
1499
1504
1510
1554
1564
1570
1683
1712
1714
1721
1722
1709
1710
1743
1744
1750
1751
1752
1799
1800
1801
1804
1821
1835
1870
2101
2113
2115
2117
2125
2132
2134
2175
2176
2177
2178
2179
2213
2214
2218
2219
2230
2232
2233
2234
1906
1910
1915
1916
1930
1931
2261
2287
2308
2351
2354
2359
2371
2372
2373
2374
2375
2380
2385
2404
2714
2405
2406
2482
2490
2497
1944
1945
1946
1963
2474
2514
2525
2541
2544
2545
2554
2558
2560
2573
2611
2642
2645
2651
2664
2665
2680
2710
1971
1984
1985
1986
1987
1988
2718
2729
2736
2739
2746
2747
2748
2749
2752
2753
2754
2766
2769
2771
2777
2781
2782
2784
2785
2788
2789
2790
2794
2795
2796
2797
2798
2799
2800
2809
2810
2820
2871
2801
2823
2824
2825
2828
2830
2831
2832
2833
2834
2835
2836
2837
2838
2844
2877
2878
2883
2885
2886
2890
2891
2892
2893
2894
2911
2912
2913
2916
2928
2932
2067
2933
2934
2935
2939
2940
2943
2356
2381
2382
2390
2397
2403
2578
2581
2589
2597
2856
2857
2861
2862
2864
2869
2899
2900
