ProductId	List Cost	OffInvoice	BillBack	CRV	Retail Price
54	207.00	72.3243	0.00	1.20	20.98
55	198.00	45.6004	0.00	0.60	34.98
56	78.00	10.3832	0.00	0.00	20.98
59	83.98	20.96	0.00	0.60	15.98
61	113.90	30.00	0.00	1.20	10.98
62	112.20	31.20	0.00	1.20	10.48
70	96.58	16.22	0.00	0.60	19.48
71	140.40	30.00	0.00	1.20	14.98
72	140.40	30.00	0.00	1.20	14.98
80	2.95	0.00	0.00	1.20	3.98
85	758.40	0.00	0.00	48.00	1.98
120	1382.40	0.00	0.00	0.00	0.50
127	52.48	8.50	1.90	0.00	26.98
128	80.76	5.04	11.16	0.00	13.98
133	1337.20	0.00	0.00	0.00	5.98
162	1346.40	0.00	0.00	0.00	0.78
190	1157.76	115.20	0.00	0.00	4.78
192	59.40	6.00	0.00	0.00	11.98
202	38.03	3.25	0.00	0.00	3.98
1619	252.00	46.20	0.00	1.20	26.98
1627	806.40	220.00	0.00	0.00	2.48
1630	89.03	11.40	0.00	0.00	3.48
1638	162.00	61.30	9.00	1.20	12.98
1640	817.32	0.00	245.00	0.00	3.98
1648	445.00	56.50	0.00	0.60	89.98
1679	602.00	20.00	0.00	0.00	3.98
266	109.14	35.40	0.00	0.60	17.98
285	537.84	0.00	0.00	0.00	0.98
289	76.12	18.60	0.00	0.60	14.98
311	1482.50	0.00	0.00	0.00	0.01
342	1884.00	838.50	0.00	0.00	4.98
347	126.18	30.00	0.00	0.60	25.98
348	126.18	30.00	0.00	0.60	25.98
352	35.40	5.31	0.00	0.00	3.48
353	35.40	5.31	0.00	0.00	3.48
363	20.39	0.00	0.00	0.00	1.38
366	18.86	0.00	0.00	0.00	0.98
368	18.86	0.00	0.00	0.00	0.98
371	19.08	3.60	0.00	0.00	1.58
392	27.17	5.43	0.00	0.00	1.58
395	27.27	3.81	0.00	0.00	4.98
397	27.17	5.43	0.00	0.00	1.58
398	27.17	5.43	0.00	0.00	1.58
400	156.25	37.00	0.00	0.60	29.98
401	117.62	23.12	0.00	0.60	21.98
405	39.84	0.00	9.96	0.00	1.58
417	141.00	25.80	0.00	1.20	14.98
418	141.00	25.80	0.00	1.20	14.98
426	35.40	6.18	0.00	0.00	3.48
480	24.44	3.44	0.00	0.00	3.98
486	221.95	35.40	0.00	1.20	21.98
487	221.95	35.40	0.00	1.20	21.98
488	168.00	34.20	0.00	1.20	16.98
489	168.00	34.20	0.00	1.20	16.98
491	3931.20	662.40	0.00	0.00	14.98
492	3931.20	662.40	0.00	0.00	14.98
493	108.00	0.00	0.00	0.00	8.98
514	593.84	0.00	0.00	0.00	0.98
521	293.00	68.00	0.00	1.20	28.98
536	34.68	0.00	2.10	0.00	6.98
558	20.64	3.10	0.00	0.00	1.98
562	56.40	0.00	6.60	0.00	4.98
573	234.72	57.88	6.00	0.60	43.98
579	52.80	2.04	8.52	0.00	3.98
580	52.80	2.04	8.52	0.00	3.98
582	52.80	2.04	8.52	0.00	3.98
589	126.00	27.00	0.00	0.60	21.98
590	132.25	27.25	0.00	1.20	12.98
591	132.25	27.25	0.00	1.20	12.98
592	132.25	27.25	0.00	1.20	12.98
593	132.25	27.25	0.00	1.20	12.98
594	132.25	27.25	0.00	1.20	12.98
613	829.44	0.00	124.42	0.00	2.28
623	88.20	12.60	0.00	0.00	2.98
625	335.52	60.00	16.00	0.00	6.98
632	130.13	28.78	0.00	1.20	12.98
644	1988.10	854.10	0.00	0.00	1.18
648	600.00	0.00	126.00	0.00	1.28
659	5.69	0.85	0.00	0.00	5.98
660	5.69	0.85	0.00	0.00	5.98
661	5.69	0.85	0.00	0.00	5.98
732	36.20	7.24	0.00	0.00	2.78
759	97.12	24.60	0.00	0.60	17.48
773	210.00	56.41	0.00	1.20	19.98
775	165.18	52.68	0.00	0.60	26.98
824	19.92	0.00	4.38	0.00	1.58
826	157.50	38.40	0.00	0.60	28.98
827	367.00	79.00	0.00	1.20	35.98
876	59.88	11.94	0.00	0.60	11.48
910	42.24	0.00	5.91	0.00	0.98
928	23.70	0.00	0.00	0.00	0.98
929	22.00	0.00	0.00	0.00	2.98
930	25.20	0.00	0.00	0.00	1.48
964	1347.84	432.00	0.00	0.00	1.98
984	208.80	0.00	18.90	0.00	3.98
999	1493.45	379.40	0.00	0.00	8.98
1050	135.36	21.60	0.00	0.00	1.98
1068	67.20	0.00	19.92	0.00	5.48
1124	610.56	97.92	80.64	19.20	2.98
1125	610.56	97.92	80.64	19.20	2.98
1127	33.92	11.44	0.00	0.00	3.78
1144	26.16	0.00	6.54	0.00	0.98
1145	231.24	46.80	0.00	1.20	22.98
1171	33.48	0.00	8.04	0.00	2.98
1181	30.12	0.00	6.63	0.00	2.48
1182	30.12	0.00	6.63	0.00	2.48
1199	1232.00	0.00	554.40	0.00	2.98
1208	102.26	17.94	0.00	0.00	1.68
1209	104.93	18.41	0.00	0.00	1.68
1221	213.12	0.00	0.00	28.80	0.98
1224	779.94	177.06	0.00	0.00	3.98
1227	280.08	0.00	65.00	0.00	3.88
1243	18.81	2.07	0.00	0.00	21.98
1252	379.50	0.00	45.00	15.00	2.98
1267	174.00	36.00	0.00	1.20	16.98
1275	118.74	49.44	0.00	0.60	17.48
1290	49.32	24.72	0.00	0.00	2.28
1303	417.60	31.20	0.00	0.00	3.48
1315	752.00	67.00	185.00	40.00	1.78
1321	117.60	29.45	3.00	0.60	20.98
1359	735.00	220.20	0.00	0.00	4.98
1364	2448.00	300.00	0.00	0.00	4.78
1367	159.52	33.61	0.00	1.20	16.98
1368	134.94	35.76	0.00	0.60	24.98
1371	205.63	0.00	0.00	0.00	0.33
1374	138.54	24.18	0.00	0.60	26.48
1396	112.20	31.20	0.00	1.20	10.48
1423	231.24	46.80	0.00	1.20	22.98
1456	36.20	7.24	0.00	0.00	2.78
1482	25.04	4.04	0.00	0.00	3.98
1483	842.40	126.00	0.00	0.00	1.88
1490	340.20	97.20	48.00	0.00	4.98
1492	864.76	0.00	0.00	0.00	2.48
1499	127.20	32.50	0.00	0.00	1.18
1504	35.40	5.31	0.00	0.00	3.48
1510	293.00	68.00	0.00	1.20	28.98
1554	83.40	15.00	3.60	0.00	6.98
1564	30.74	0.00	0.00	0.00	1.18
1570	36.20	7.24	0.00	0.00	2.78
1683	922.40	0.00	78.00	0.00	12.98
1712	13.68	0.00	0.00	0.00	1.78
1714	76.99	0.00	0.00	0.00	2.48
1715	1339.20	682.56	0.00	0.00	2.18
1721	27.72	0.00	1.00	0.00	3.98
1722	11.52	0.00	1.50	0.00	0.58
1709	212.52	38.38	0.00	1.20	23.98
1710	202.80	48.96	0.00	0.60	36.98
1743	1073.28	122.88	0.00	0.00	6.98
1744	1188.00	132.00	0.00	0.00	7.98
1750	29.37	0.00	0.00	0.00	1.58
1751	25.88	0.00	0.00	0.00	1.48
1752	25.94	0.00	0.00	0.00	1.48
1788	21.60	9.84	0.00	0.00	1.48
1789	21.60	9.84	0.00	0.00	1.48
1796	1944.00	885.60	0.00	0.00	1.48
1797	1166.40	531.36	0.00	0.00	1.48
1798	298.56	106.56	0.00	0.00	2.78
1799	22.12	1.80	0.44	0.00	0.98
1800	22.12	1.80	0.44	0.00	0.98
1801	22.12	1.80	0.44	0.00	0.98
1804	436.46	81.28	0.00	0.00	1.98
1811	55.92	31.32	0.00	0.00	3.98
1821	61.99	0.00	0.00	0.00	2.48
1790	21.60	9.84	0.00	0.00	1.48
1791	21.60	9.84	0.00	0.00	1.48
1793	21.60	9.84	0.00	0.00	0.98
1794	21.60	9.84	0.00	0.00	1.28
1795	21.60	9.84	0.00	0.00	1.48
1830	55.92	31.32	0.00	0.00	3.98
1835	293.00	68.00	0.00	1.20	28.98
1861	1033.20	309.96	0.00	0.00	5.98
1867	21.60	9.84	0.00	0.00	1.48
1870	15.84	0.00	0.00	0.00	0.78
2113	450.00	0.00	118.80	0.00	2.48
2115	789.12	155.52	28.80	28.80	2.78
2117	1462.38	0.00	146.37	0.00	2.98
2125	172.00	0.00	0.00	0.00	8.98
2132	213.95	0.00	0.00	0.00	4.58
2175	7.30	0.00	0.00	1.20	4.48
2176	7.30	0.00	0.00	1.20	4.48
2177	7.30	0.20	0.00	1.20	4.48
2178	7.30	0.20	0.00	1.20	4.48
2179	7.30	0.20	0.00	1.20	4.48
2210	26.64	10.08	0.00	0.00	1.48
2213	135.36	21.60	0.00	0.00	1.98
2214	135.36	21.60	0.00	0.00	1.98
2217	2154.36	752.08	0.00	0.00	3.98
2218	157.96	35.40	0.00	1.20	16.48
2219	57.06	2.04	6.96	0.00	10.98
2230	203.52	51.84	0.00	0.00	1.18
2232	42.78	0.00	6.72	0.00	7.98
2233	76.24	0.00	10.60	0.00	10.98
2234	553.44	0.00	47.00	0.00	12.98
1906	35.27	0.00	6.00	0.00	3.78
1910	23.16	0.00	5.79	0.00	1.88
1916	155.52	38.88	0.00	0.00	1.48
1918	55.92	31.32	0.00	0.00	3.78
1920	55.92	31.32	0.00	0.00	3.98
1930	40.56	0.00	3.24	0.00	3.98
1931	81.12	0.00	6.49	0.00	3.98
2261	61.02	0.00	0.00	0.00	1.50
2287	788.40	90.00	0.00	0.00	2.78
2308	695.52	0.00	184.00	0.00	1.98
2351	37.33	0.00	0.00	0.00	3.98
2354	25.00	0.00	0.00	0.00	1.48
2359	83.76	0.00	0.00	0.00	4.98
2371	116.00	0.00	0.00	0.00	116.00
2372	116.00	0.00	0.00	0.00	116.00
2373	111.00	0.00	0.00	0.00	111.00
2374	135.00	0.00	0.00	0.00	135.00
2375	135.00	0.00	0.00	0.00	135.00
2380	1446.72	441.84	0.00	0.00	2.58
2385	312.84	17.64	36.72	0.00	9.98
2404	5.69	0.85	0.00	0.00	5.98
2414	1774.08	67.20	0.00	0.00	1.68
2714	199.92	0.00	0.00	100.80	2.98
2405	6.97	0.60	0.00	0.00	7.98
2406	6.97	0.60	0.00	0.00	7.98
2482	546.43	0.00	0.00	0.00	2.98
2490	37.67	0.00	0.00	0.00	0.10
2497	0.01	0.00	0.00	0.00	0.01
1944	2009.28	361.27	0.00	0.00	3.98
1945	24.30	0.00	0.00	0.00	6.98
1946	24.30	0.00	0.00	0.00	6.98
1963	63.16	0.00	0.00	0.00	1.98
2514	6.97	0.60	0.00	0.00	7.98
2525	476.40	116.40	0.00	1.20	49.98
2541	114.00	36.00	0.00	1.20	10.98
2544	441.00	0.00	108.00	0.00	2.98
2545	1441.80	502.20	0.00	0.00	3.98
2548	26.64	10.08	0.00	0.00	1.98
2549	26.64	10.08	0.00	0.00	1.98
2558	142.80	33.84	0.00	1.20	14.98
2560	1185.60	96.00	0.00	0.00	14.98
2573	16.32	0.00	2.88	0.00	1.58
2611	28.39	0.00	0.00	0.00	1.98
2627	26.64	10.08	0.00	0.00	1.98
2642	11.04	0.00	0.00	0.00	0.98
2651	135.00	0.00	0.00	0.00	135.00
2664	169.01	0.00	0.00	0.00	3.98
2665	403.60	0.00	0.00	0.00	5.98
2680	125.00	0.00	0.00	0.00	150.00
1971	126.67	12.60	0.00	0.60	26.98
1984	231.24	46.80	0.00	1.20	22.98
1985	32.64	0.00	3.72	0.00	2.98
1986	32.64	0.00	3.72	0.00	2.98
1987	148.80	0.00	60.00	0.00	2.98
1988	88.92	0.00	34.00	0.00	3.99
2718	203.52	51.84	0.00	0.00	1.18
2729	38.03	3.25	0.00	0.00	3.98
2736	265.60	0.00	0.00	0.00	5.98
2739	38.58	2.88	0.00	0.00	6.98
2746	18.00	0.00	0.00	0.00	25.98
2747	13.90	0.00	0.00	0.00	19.98
2748	41.13	14.79	0.00	0.00	3.98
2749	41.13	14.79	0.00	0.00	3.98
2752	252.42	0.00	0.00	0.60	59.98
2753	180.58	0.00	0.00	0.60	44.98
2754	336.00	0.00	0.00	0.60	79.98
2766	226.75	4.24	0.00	1.20	26.98
2769	650.00	0.00	0.00	0.00	0.48
2771	163.81	16.80	0.00	1.20	18.48
2777	936.00	0.00	0.00	0.00	2.98
2781	126.60	0.00	0.00	0.00	1.48
2784	134.40	36.48	0.00	0.00	3.98
2785	2420.00	0.00	0.00	0.00	6.98
2788	1089.99	0.00	264.99	0.00	7.98
2789	127.26	0.00	44.01	0.00	2.98
2790	83.28	0.00	46.02	0.00	0.98
2794	1308.60	216.00	0.00	0.00	8.48
2795	155.00	0.00	0.00	0.00	155.00
2796	22.5167	0.00	0.00	0.00	25.00
2797	25.97	0.00	0.00	0.00	8.98
2798	27.04	0.00	0.00	0.00	39.98
2799	25.30	0.00	0.00	0.00	39.98
2800	24.71	0.00	0.00	0.00	38.98
2809	19.87	1.25	0.00	0.00	26.98
2810	23.10	0.00	0.00	0.00	2.78
2820	121.28	0.00	0.00	0.60	31.98
2871	90.45	32.40	0.00	1.20	9.98
2801	11.02	0.00	0.00	0.00	14.98
2823	37.75	2.00	2.00	0.00	5.98
2824	37.32	2.00	2.00	0.00	11.98
2825	273.1676	39.6878	3.00	1.20	27.98
2828	120.90	0.00	0.00	0.00	4.48
2830	18.00	0.00	0.00	0.00	18.00
2831	18.00	0.00	0.00	0.00	18.00
2832	18.00	0.00	0.00	0.00	18.00
2833	18.00	0.00	0.00	0.00	18.00
2834	18.00	0.00	0.00	0.00	18.00
2835	18.00	0.00	0.00	0.00	18.00
2836	18.00	0.00	0.00	0.00	18.00
2837	18.00	0.00	0.00	0.00	18.00
2838	18.00	0.00	0.00	0.00	18.00
2844	8.30	0.00	0.00	0.00	11.98
2877	16.80	0.00	0.00	0.00	3.98
2878	10.40	0.00	0.00	0.00	13.98
2883	115.62	23.40	3.00	0.60	22.98
2885	158.00	146.00	0.00	1.20	13.98
2886	104.00	80.00	0.00	1.20	11.98
2890	137.92	0.00	0.00	0.00	3.98
2891	1528.08	0.00	0.00	0.00	10.98
2892	3.72	0.00	1.62	0.00	2.48
2893	2.10	0.00	0.00	0.00	2.48
2894	796.24	0.00	0.00	0.00	3.98
2911	22.40	0.00	0.00	0.00	3.98
2912	34.70	0.00	0.00	0.00	0.10
2913	182.70	26.50	0.00	0.00	2.98
2916	4.50	0.00	0.00	0.00	4.50
2932	246.00	60.00	0.00	1.20	26.98
2067	25.92	0.00	9.07	0.00	1.88
2933	246.00	60.00	0.00	0.60	26.98
2934	67.50	22.50	0.00	0.60	14.98
2936	249.48	74.86	0.00	0.00	9.98
2939	521.64	59.94	0.00	0.00	3.98
2940	1652.40	0.00	334.80	0.00	1.78
2943	15.09	0.00	0.00	0.80	2.78
2944	524.59	89.04	0.00	0.00	2.98
2356	23.00	0.00	0.00	0.00	1.48
2381	76.08	0.00	11.28	0.00	6.98
2382	35.88	0.00	3.48	0.00	6.98
2390	23.19	0.00	0.00	0.00	2.58
2397	2484.00	0.00	927.00	0.00	2.28
2403	5.69	0.85	0.00	0.00	5.98
2578	662.40	194.40	78.00	0.00	4.98
2581	11.58	0.00	0.90	0.60	2.58
2589	662.40	194.40	78.00	0.00	4.98
2597	108.00	21.00	0.00	1.20	11.98
2711	1965.60	453.60	0.00	0.00	2.78
2856	8.00	0.00	0.00	0.00	8.00
2857	58.00	0.00	0.00	0.00	58.00
2861	168.00	30.00	0.00	1.20	18.98
2862	11.58	0.00	0.90	0.60	2.58
2864	708.54	0.00	106.04	0.00	1.78
2869	167.00	0.00	0.00	0.00	1.18
2899	316.80	0.00	0.00	0.00	5.98
2900	49.92	0.00	16.32	0.00	0.98