ProductId	VendorId	UPC	Product Description	CasePack	Size	ShipCaseQty	WhseCase Cost	OffInvoice	BillBack	CRV	TransPk	TransCfg	TransUnitCt	TransConfigWt	TransCaseCost	TransCRV	RetailMult	Retail Unit	TransCaseQty	IsActive
82	31	0000000000	Tropicana Twister Tropical Fruit	360	1.75 LT	1	248.40	0.00	0.00	0.00	1	Pallet	360	100	248.40	0.00	1	0.98	1	0
83	31	0000000000	Tropicana Twister Straw Kiwi	360	1.75 LT	1	248.40	0.00	0.00	0.00	1	Pallet	360	1866	248.40	0.00	1	0.98	1	0
84	31	0000000766	Tropicana Twister Straw Banana	6	1.75 LT	1	11.66	0.00	7.56	0.60	1	Case	6	13	4.10	0.60	1	0.98	1	0
2043	31	5200010245	Gatorade  Galcier Cherry	3	20 OZ	1	18.58	0.00	5.81	1.20	1	Case	3	30	12.77	1.20	1	4.98	1	0
2513	31	1530020064	Cheetos Mac & Cheese Shipper	72	5.9 OZ	1	118.08	46.08	0.00	0.00	1	Shipper	72	35	69.64	0.00	1	1.99	1	0
1790	31	15300001450	Pasta Roni Fettucine Alfredo	12	4.7 OZ	1	21.60	9.84	0.00	0.00	1	Case	12	4.14	11.28	0.00	1	1.48	1	1
1791	31	15300001448	Pasta Roni Shell/White Cheddar	12	6.2 OZ	1	21.60	9.84	0.00	0.00	1	Case	12	4.14	11.28	0.00	1	1.48	1	1
1792	31	15300001489	Rice - A Roni Long Grain & Wild	12	4.3 OZ	1	21.60	9.84	0.00	0.00	1	Case	12	4.58	11.76	0.00	1	0.98	1	0
1793	31	1530001466	Rice - A - Roni Savory Pilaf	12	7.2 OZ	1	21.60	9.84	0.00	0.00	1	Case	12	7.3	11.76	0.00	1	0.98	1	1
1794	31	15300001479	Rice - A - Roni Beef	12	6.8 OZ	1	21.60	9.84	0.00	0.00	1	Case	12	7.1	11.76	0.00	1	1.28	1	1
1795	31	1530001341	Rice- A- Roni Chicken	12	6.9 OZ	1	21.60	9.84	0.00	0.00	1	Case	12	7.1	11.28	0.00	1	1.48	1	1
1878	31	1530001491	Rice A Roni Cilantro Lime Rice	12	5.6 OZ	1	21.60	9.84	0.00	0.00	1	Case	12	7	11.76	0.00	1	0.98	1	0
1879	31	1530001465	Rice A Roni Herb & Butter	12	7.2  OZ	1	21.60	9.84	0.00	0.00	1	Case	12	7	11.76	0.00	1	0.98	1	0
1880	31	1530001459	Pasta Roni BTR/Garlic	12	4.7 OZ	1	21.60	9.84	0.00	0.00	1	Case	12	4.8	11.76	0.00	1	0.98	1	0
1881	31	1530043030	Rice A Roni Red Bean and Rice	12	6.4 OZ	1	19.92	4.68	0.00	0.00	1	Case	12	7	15.24	0.00	1	0.98	1	0
1867	31	1530001464	Rice A Roni Spanish	12	6.8 OZ	1	21.60	9.84	0.00	0.00	1	Case	12	5.5	11.28	0.00	1	1.48	1	1
1868	31	0000000000	Rice-A-Roni Mod	1080	ASST	1	1263.60	421.20	0.00	0.00	1	Module	1080	658	817.40	0.00	1	0.98	1	0
169	31	0000062040	Rice - Pasta Roni Pallet Asst	312	1 CT	1	355.63	94.75	0.00	0.00	2	Pallet	624	336.53	585.00	0.00	1	1.18	2	0
1489	31	0000001379	Rice a Roni Pasta Roni	304	ASST	1	355.63	0.00	94.75	0.00	1	Pallet	608	340	450.00	0.00	1	0.98	2	0
1788	31	15300001462	Pasta Roni Angel Hair Parmesan	12	5.1 OZ	1	21.60	9.84	0.00	0.00	1	Case	12	4.14	11.28	0.00	1	1.48	1	1
1789	31	1530001461	Pasta Roni Angel Hair W/Herbs	12	4.8 OZ	1	21.60	9.84	0.00	0.00	1	Case	12	4.8	11.28	0.00	1	1.48	1	1
1796	31	0000000000	Rice-A-Roni Mod	1080	ASST	1	1944.00	885.60	0.00	0.00	1	Module	1080	511	1015.20	0.00	1	1.48	1	1
1797	31	0000000000	Pasta Roni Mod.	648	ASST	1	1166.40	531.36	0.00	0.00	1	Module	648	717	609.12	0.00	1	1.48	1	1
2528	31	1530001494	Rice A Roni Chicken/Garlic	12	4.3 OZ	1	21.60	9.84	0.00	0.00	1	Case	12	5.5	11.76	0.00	1	0.98	1	0
2529	31	1530043064	Rice A Roni Broc/Augratin	12	6.5 OZ	1	21.60	12.60	0.00	0.00	1	Case	12	5.5	9.00	0.00	1	0.98	1	0
2530	31	1530001454	Pasta Roni Chicken	12	4.6 OZ	1	21.60	9.84	0.00	0.00	1	Case	12	4.8	11.76	0.00	1	0.98	1	0
2531	31	1530001455	Pasta Roni Four Cheese	12	6  OZ	1	21.60	9.84	0.00	0.00	1	Case	12	5.5	11.76	0.00	1	0.98	1	0
2551	31	1530001467	Rice A Roni Low Sodium Chicken	12	6.90	12	21.60	9.84	0.00	0.00	1	Case	12	5.5	11.76	0.00	1	1.18	12	0
2724	31	1530001452	Pasta Roni Herb/Butter	12	5.5 oz	1	21.60	9.84	0.00	0.00	1	Case	12	6	11.76	0.00	1	1.18	1	0
2760	31	1530001473	Rice A Roni Four Cheese	12	6.4 OZ	1	19.56	9.12	0.00	0.00	1	Case	12	6	10.44	0.00	1	1.18	1	0
2590	31	1530001468	Rice A Roni Ched/Broc	12	6.5 OZ	1	21.60	9.84	0.00	0.00	1	Case	12	7	11.76	0.00	1	1.18	1	0
2591	31	1530001476	Rice A Roni Fried Rice	12	6.2 OZ	1	21.60	9.84	0.00	0.00	1	Case	12	7	11.76	0.00	1	1.18	1	0
2592	31	1530001473	Rice A Roni Four Cheese	12	6 OZ	1	21.60	9.84	0.00	0.00	1	Case	12	7	11.76	0.00	1	1.18	1	0
2222	31	3000031162	Quaker 2 Flvr Oat Square Shipper	108	14.5 OZ	1	376.92	171.27	11.00	0.00	1	Shipper	108	120	194.65	0.00	1	2.48	1	0
2054	31	3000056828	Quaker Oatmeal Frt/Cream Var	12	10.5 OZ	1	48.24	24.24	0.00	0.00	1	Case	12	13	24.00	0.00	1	2.98	1	0
2055	31	3000056729	Quaker Instant Oatmeal Apple Cinn	12	12.1 OZ	1	48.24	24.24	0.00	0.00	1	Case	12	14	24.00	0.00	1	2.98	1	0
1787	31	3000066507	Capt. Crunch Peanut Butter	14	11.4 OZ	1	57.82	28.70	0.00	0.00	1	Case	14	14	29.12	0.00	1	2.98	1	0
1192	31	3000063501	Quaker Standard Oats Mix Plt	300	42 OZ	1	1134.00	0.00	425.86	0.00	1	Pallet	300	850	708.14	0.00	1	2.98	1	0
1370	31	0000057411	Cap'n Crunch Jumbo 7 Case Mod	92	13-14 OZ	1	133.40	0.00	0.00	0.00	1	Shipper	92	110	133.40	0.00	1	1.98	1	0
1573	31	0000056431	Captain Crunch Pallet	14	12.5-14 OZ	1	733.36	302.09	109.18	0.00	1	Pallet	206	200	322.09	0.00	1	1.98	1	0
763	31	0000000000	Quaker Oat Round Pallets	12	42 OZ	1	21.86	0.00	0.00	0.00	1	Pallet	144	144	262.32	0.00	1	2.48	12	0
817	31	3000332020	Life Cereal 9 Case Mod	108	13OZ	1	400.68	186.84	0.00	0.00	1	Shipper	108	120	213.84	0.00	1	2.98	1	0
818	31	3000057322	Capt Crunch Crunch Berries	14	11.7OZ	1	60.76	32.76	0.00	0.00	1	Case	14	15	28.00	0.00	1	2.48	1	0
819	31	3000057051	Quaker Inst. Strawberry & Cream	12	12.3OZ	1	48.24	24.24	0.00	0.00	1	Case	12	13	24.00	0.00	1	1.98	1	0
845	31	3000006507	Captain Crunch P/Butter	14	12.5 OZ	1	47.74	20.60	0.00	0.00	1	Case	14	20	27.14	0.00	1	2.48	1	0
846	31	3000057321	Captain Crunch Original	14	12.6 OZ	1	60.76	32.76	0.00	0.00	1	Case	14	20	28.00	0.00	1	2.48	1	0
847	31	3000006567	Captain Crunch Berries	14	13 OZ	1	47.74	0.00	20.60	0.00	1	Case	14	20	27.14	0.00	1	2.48	1	0
867	31	0000000000	Captain Crunch Mixed Pallet	308	14-16 OZ	1	458.48	0.00	0.00	0.00	1	Pallet	308	350	458.48	0.00	1	1.98	1	0
951	31	3000006119	Life Cereal	14	18 OZ	1	54.04	0.00	21.28	0.00	1	Case	14	19	31.68	0.00	1	2.98	1	0
1029	31	0000000000	Quaker Oat Rounds	288	42 OZ	1	1088.64	0.00	517.20	0.00	1	Pallet	288	480	560.56	0.00	1	2.48	1	0
150	31	0000000000	Quaker Oat Rounds Mixed Plt	360	42 OZ	1	734.40	0.00	0.00	0.00	1	Pallet	360	100	734.40	0.00	1	2.78	1	0
245	31	3000016924	Quaker White Cedd Mini Rice CK	12	3.03 oz	1	26.64	10.08	0.00	0.00	1	Case	12	4	16.56	0.00	1	1.98	1	0
342	31	0000063501	Quaker Oat Rounds Mixed Plt	300	42 OZ	1	1884.00	838.50	0.00	0.00	1	Pallet	300	920	1008.50	0.00	1	4.98	1	1
440	31	3000006322	Quaker Life Cinnamon	12	13 OZ	1	36.72	0.00	17.50	0.00	1	Case	12	15	19.22	0.00	1	2.48	1	0
441	31	3000006110	Quaker Life Cereal	14	21 OZ	1	49.98	0.00	22.20	0.00	1	Case	14	21	26.78	0.00	1	2.48	1	0
458	31	3000021775	Quaker Life Cereal Mixed Plt	252	21 OZ	1	876.51	0.00	498.51	0.00	1	Pallet	252	200	378.00	0.00	1	1.98	1	0
474	31	0000022056	Captain Crunch Pallet	168	15-16 OZ	1	552.72	0.00	300.68	0.00	1	Pallet	168	211	256.36	0.00	1	1.98	1	0
498	31	3000001040	Quaker Old Fashioned Oats	12	42 OZ	1	75.36	32.28	0.00	0.00	1	Case	12	20	43.08	0.00	1	3.98	1	0
499	31	3000001200	Quaker Quick Oat Rounds	12	42 OZ	1	75.36	32.28	0.00	0.00	1	Case	12	20	43.08	0.00	1	3.98	1	0
500	31	3000006430	Quaker Oat Squares Original	12	16 OZ	1	43.68	0.00	23.68	0.00	1	Case	12	20	21.37	0.00	1	2.38	1	0
512	31	0000000000	Quaker Oat Round Mix Pallet	144	42 OZ	1	273.12	0.00	0.00	0.00	1	Pallet	144	425	273.12	0.00	1	2.48	1	0
654	31	0000006150	Quaker Cinnamon Oat Squares	12	16 OZ	1	40.44	0.00	21.44	0.00	1	Case	12	20	18.19	0.00	1	1.98	1	0
609	31	0000000000	Quaker Instant Oats Mod	240	SINGLES	1	727.10	245.00	0.00	0.00	1	Pallet	240	255	452.10	0.00	2	2.50	1	0
1636	31	0000056427	Captain Crunch Christmas Crunch	92	ASST	1	304.52	160.97	0.00	0.00	1	Display	92	60	137.46	0.00	1	1.98	1	0
1654	31	0000056425	Captain Crunch Display	92	13-14 OZ	1	313.72	0.00	167.32	0.00	1	Pallet	368	400	585.96	0.00	1	1.98	4	0
751	31	0000006354	Life Cereal Regular	12	13 OZ	1	46.80	22.80	0.00	0.00	1	Case	12	15	24.00	0.00	1	2.48	1	0
1871	31	3000006700	Quaker Cereal 100% Nat Oat & Hny	12	28 OZ	1	53.52	17.52	0.00	0.00	1	Case	12	23	36.00	0.00	1	3.98	1	0
1872	31	3000006720	Quaker Cereal 100% Nat Oats H.R.	12	28 OZ	1	53.52	17.52	0.00	0.00	1	Case	12	23	36.00	0.00	1	3.98	1	0
1873	31	3000057322	Quaker Capt N Crunchberries	14	11.7 OZ	1	60.76	32.76	0.00	0.00	1	Case	14	13	28.00	0.00	1	2.98	1	0
1874	31	3000057321	Quaker Capt N Origanal	14	12.6 OZ	1	60.76	32.76	0.00	0.00	1	Case	14	13	28.00	0.00	1	2.98	1	0
1875	31	3000006322	Quaker Cereal Life Cinnamon	12	13 OZ	1	40.44	18.00	0.00	0.00	1	Case	12	12	22.44	0.00	1	2.48	1	0
2187	31	3000006083	Quaker Cinnamon Life	14	18 OZ	1	70.98	29.78	0.00	0.00	1	Case	14	18	41.20	0.00	1	2.98	1	0
2188	31	3000006119	Quaker Life Regular	14	18 OZ	1	70.98	29.78	0.00	0.00	1	Case	14	18	41.20	0.00	1	2.98	1	0
2207	31	3000006700	Quaker Nat Cereal Oats/Honey	10	28 OZ	1	44.60	14.90	0.00	0.00	1	Case	10	20	29.70	0.00	1	2.98	1	0
2208	31	300006720	Quaker 100% Natural Raisin	10	28 OZ	1	44.60	14.90	0.00	0.00	1	Case	10	22	29.70	0.00	1	2.98	1	0
1824	31	3000006153	Quaker Cereal Oat Squares Cinn.	12	14.5	1	50.76	25.32	0.00	0.00	1	Case	12	12.5	25.44	0.00	1	2.48	1	0
1825	31	3000006441	Quaker Cereal Oat Sq. Brn Sugar	12	14 OZ	1	50.76	25.32	0.00	0.00	1	Case	12	12.5	25.44	0.00	1	2.48	1	0
1826	31	3000006119	Quaker Cereal Life Regular	14	18 OZ	1	55.72	22.48	0.00	0.00	1	Case	14	17.5	33.24	0.00	1	2.98	1	0
1827	31	3000006083	Quaker Cereal Life Cinnamon	14	14.5 OZ	1	55.72	22.48	0.00	0.00	1	Case	14	17.5	33.24	0.00	1	2.98	1	0
2441	31	3000057324	Captain Crucnh Orig. Large	12	18 OZ	1	61.32	25.80	0.00	0.00	1	Case	12	15	35.52	0.00	1	3.48	1	0
2442	31	3000057325	Captain Crunch Crucnchberry	12	18.7OZ	1	61.32	25.80	0.00	0.00	1	Case	12	15	35.52	0.00	1	3.48	1	0
2477	31	0000000000	Quaker Captain Crunch Berries	1	16.8 OZ	1	52.50	21.28	0.00	0.00	1	Layer	1	226	31.22	0.00	1	2.98	1	0
2210	31	3000016931	Quaker Choc. Crunch Mini	12	3.52 oz	1	26.64	10.08	0.00	0.00	1	Case	12	4	16.56	0.00	1	1.48	1	1
2228	31	3000057136	Quaker Oats Pallet	100	18 OZ	1	248.02	94.00	30.00	0.00	1	Pallet	100	125	124.02	0.00	1	1.58	1	0
2229	31	3000062058	Quaker Oats PLT	180	42 OZ	1	757.80	338.70	0.00	0.00	1	Module	180	550	419.10	0.00	1	2.98	1	0
2237	31	3000032020	Quaker Life Display	108	13 OZ	1	330.48	134.52	30.00	0.00	1	Shipper	108	101	165.96	0.00	1	1.98	1	0
2343	31	3000006322	Quaker Life Cinn.	12	13 OZ	1	46.80	22.80	0.00	0.00	1	Case	12	13	24.00	0.00	1	2.98	1	0
2344	31	3000006354	Quaker Life Regular	12	13 OZ	1	46.80	18.12	0.00	0.00	1	Case	12	13	28.68	0.00	1	2.98	1	0
2347	31	3000006153	Quaker Oatmeal Squares Cinn.	12	14 OZ	1	50.76	25.32	0.00	0.00	1	Case	12	13	25.44	0.00	1	2.98	1	0
2348	31	3000056731	Quaker Instant Oatmeal	12	9.8 OZ	1	48.24	20.40	0.00	0.00	1	Case	12	14	27.84	0.00	1	2.98	1	0
2211	31	3000031249	Quaker Pop Rice Chili	12	3.0 OZ	1	26.54	10.08	0.00	0.00	1	Case	12	4	16.46	0.00	1	1.18	1	0
2419	31	3000001004	Quaker Standard Oatmeal	12	18 OZ	1	45.00	16.44	0.00	0.00	1	Case	12	16	28.56	0.00	1	1.98	1	0
2420	31	3000001321	Quaker Old Fashioned Oatmeal	12	18 OZ	1	45.00	16.44	0.00	0.00	1	Case	12	16	28.56	0.00	1	1.98	1	0
2421	31	3000032256	Quaker Quick Oats Gluten Free	12	18 OZ	1	57.84	21.12	0.00	0.00	1	Case	12	16	36.72	0.00	1	3.98	1	0
2515	31	1530001495	CHTS Bold Chs & Mac CP	12	2.29 OZ	1	19.68	7.68	0.00	0.00	1	Case	12	4	12.00	0.00	1	0.98	1	0
2506	31	3000016875	Quaker Big Chewy Choc. Chip	12	7.4 OZ	1	32.28	11.28	0.00	0.00	1	Case	12	8	21.00	0.00	1	1.98	1	0
2209	31	3000016920	Quaker Crisp Mini Carmel Rice	12	3.52 OZ	1	26.54	10.08	0.00	0.00	1	Case	12	4	16.46	0.00	1	1.18	1	0
2101	31	3000056728	Quaker Oatmeal  Maple Brown	12	10.4 OZ	1	48.24	24.24	0.00	0.00	1	Case	12	14	24.00	0.00	1	2.98	1	0
2102	31	3000056849	Quaker Oatmeal Inst Var PK	12	10.5 OZ	1	48.24	24.24	0.00	0.00	1	Case	12	14	24.00	0.00	1	2.98	1	0
2103	31	0000056734	Quaker Oatmeal Inst.Raisin Walnut	12	10.4 OZ	1	48.24	24.24	0.00	0.00	1	Module	12	13	24.00	0.00	1	1.98	1	0
2146	31	3000056431	Cap'n Crunch 3 Flavor Pallet	206	ASST	1	702.46	277.66	55.00	0.00	1	Pallet	206	200	369.80	0.00	1	2.48	1	0
2170	31	3000031182	Quaker Chewy Choc Chip	12	8 OZ	1	35.52	14.28	0.00	0.00	1	Case	12	8	21.24	0.00	1	1.98	1	0
2171	31	3000031188	Quaker Chewy Var Pack	12	8 OZ	1	35.52	14.28	0.00	0.00	1	Case	12	9	21.24	0.00	1	1.98	1	0
2172	31	3000031269	Quaker Chewy Dipps CC	12	8 CT	1	35.52	14.28	0.00	0.00	1	Case	12	9	21.24	0.00	1	1.98	1	0
2173	31	3000031271	Quaker Chewy Dipps PB	12	8 CT	1	35.52	14.28	0.00	0.00	1	Case	12	9	21.24	0.00	1	1.98	1	0
2174	31	3000031184	Quaker PB	12	8 OZ	1	35.52	14.28	0.00	0.00	1	Case	12	9	21.24	0.00	1	1.98	1	0
1725	31	3000056733	Quaker Inst Oats Raisin Spice	12	12.10 oz	1	48.24	24.24	0.00	0.00	1	Case	12	13	24.00	0.00	1	1.98	1	0
1784	31	3000001200	Quaker Oats Quick 1 Min.	12	42 OZ	1	75.36	33.54	0.00	0.00	1	Case	12	32.33	41.82	0.00	1	4.98	1	0
1785	31	3000001040	Quacker Oats Reg. Old Fasshion	12	42 OZ	1	75.36	33.54	0.00	0.00	1	Case	12	32.33	41.82	0.00	1	4.98	1	0
1798	31	3000031296	Quaker Chewy Bar Shipper Asst.	96	6.72 OZ	1	298.56	106.56	0.00	0.00	1	Shipper	96	45	192.00	0.00	1	2.78	1	1
2056	31	3000031186	Quaker Chewy Choc. Chunk	12	8 OZ	1	29.28	7.92	0.00	0.00	1	Case	12	8	21.36	0.00	1	2.48	1	0
2938	31	3000057051	Quaker Instant Oat Strw/Cream	12	12.30 oz	1	48.24	24.24	0.00	0.00	1	Case	12	13	24.00	0.00	1	2.98	1	0
2937	31	3000056828	Quaker Inst Oat Fruit/Cream	12	10.5 oz	1	48.24	24.24	0.00	0.00	1	Case	12	13	24.00	0.00	1	2.98	1	0
1991	31	3000031181	Quaker Bar Chewy Smores	12	6.72 OZ	1	35.52	14.28	0.00	0.00	1	Case	12	6	21.24	0.00	1	1.98	1	0
1992	31	3000031184	Quaker  Bar Chewy PB CC	12	6.72 OZ	1	35.52	14.28	0.00	0.00	1	Case	12	6	21.24	0.00	1	1.98	1	0
1993	31	3000031188	Quaker Bar Chewy Var. Pack	12	6.72 OZ	1	35.52	14.28	0.00	0.00	1	Case	12	6	21.24	0.00	1	1.98	1	0
1994	31	3000031269	Quaker Bar Chewy Dipps CC	12	6.5 OZ	1	35.52	14.28	0.00	0.00	1	Case	12	6	21.24	0.00	1	1.98	1	0
1995	31	3000031271	Quaker Bar Chewy Dipps PB Choc.	12	6.3 OZ	1	35.52	14.28	0.00	0.00	1	Case	12	6	21.24	0.00	1	1.98	1	0
2516	31	1530001496	CHTS Cheesy Jal. Mac cp	12	2.25 OZ	1	19.68	7.68	0.00	0.00	1	Case	12	4	12.00	0.00	1	0.98	1	0
2517	31	1530020023	CHTS Flamin Hot Mac CP	12	5.60 OZ	1	18.72	7.44	0.00	0.00	1	Case	12	8	11.28	0.00	1	0.98	1	0
2548	31	3000016920	Quaker Crisp Mini Caramel	12	3.05 OZ	1	26.64	10.08	0.00	0.00	1	Case	12	4	16.56	0.00	1	1.98	1	1
2549	31	30000116924	Quaker White Ched Mini Rice	12	3.03 OZ	12	26.64	10.08	0.00	0.00	1	Case	12	4	16.56	0.00	1	1.98	12	1
2550	31	3000031249	Popped Sm Rice Crisps SC	12	3 OZ	1	23.52	9.72	0.00	0.00	1	Case	12	4	13.80	0.00	1	1.98	1	0
2627	31	3000016921	Quaker Mini Apple Cinn.	12	3.5  OZ	1	26.64	10.08	0.00	0.00	1	Case	12	4	16.56	0.00	1	1.98	1	1
2646	31	3000057370	Pearl Milling CC Pancake Cup	12	2.11 OZ	1	15.84	4.08	0.00	0.00	1	Case	12	3	11.76	0.00	1	1.28	1	0
2647	31	3000057371	Pearl Milling BM Pancake Cup	12	2.11 OZ	1	15.84	4.08	0.00	0.00	1	Case	12	3	11.76	0.00	1	1.28	1	0
244	31	3000040195	Quaker Chewy Granola Halloween	20	18 CT	1	42.55	0.00	9.90	0.00	1	Case	20	15.16	20.00	0.00	1	1.48	1	0
2666	31	3000016930	Quaker Mini Creamy Ranch	12	3.03 oz	1	26.64	10.08	0.00	0.00	1	Case	12	4	16.56	0.00	1	2.99	1	0
2667	31	3000016901	Quaker Plain Salted Rice Cakes	12	4.5OZ	1	31.56	6.00	0.00	0.00	1	Case	12	7	25.56	0.00	1	2.98	1	0
2668	31	3000016902	Quaker Plain Unsalted Rice Cakes	12	4.47 OZ	1	31.56	6.00	0.00	0.00	1	case	12	7	25.56	0.00	1	2.98	1	0
2669	31	3000016909	Quaker Wite Ched ChsPopcorn	12	4.9 OZ	1	31.56	6.00	0.00	0.00	1	Case	12	7	25.56	0.00	1	2.98	1	0
2670	31	3000016910	uaker Carmel Corn Rice Cakes	12	4 OZ	1	31.56	6.00	0.00	0.00	1	Case	12	7	25.56	0.00	1	2.98	1	0
2671	31	3000016918	Quaker Btr Popped Crn Rice Cake	12	4.47 OZ	1	31.56	6.00	0.00	0.00	1	Case	12	7	25.56	0.00	1	2.98	1	0
638	31	0000005300	A/Jemima Pancak Mix Complete B/Milk	12	32 OZ	1	26.04	0.00	7.50	0.00	1	2 Layer	288	408	430.00	0.00	1	1.98	24	0
639	31	0000005040	A/Jemima Pancake Mix Original	12	32 OZ	1	26.04	0.00	7.50	0.00	1	Layer	144	204	215.00	0.00	1	1.98	12	0
640	31	0000005070	A/Jemima Pancake Mix Complete	12	32 OZ	1	26.04	0.00	7.50	0.00	1	Case	12	17	18.02	0.00	1	1.98	1	0
1162	31	0000057393	Pearl Milling Mix and Syrup Pallet	141	ASST	1	524.97	127.35	0.00	0.00	1	1/4 Pallet	141	450	397.62	0.00	1	3.98	1	0
2337	31	3000065070	Pearl Complete Pancake Mix	12	32 OZ	1	42.84	13.80	0.00	0.00	1	Case	12	26.7	29.04	0.00	1	2.48	1	0
2338	31	3000065300	Pearl Buttermilk Pancake	12	32 OZ	1	42.84	13.80	0.00	0.00	1	Case	12	26.7	29.04	0.00	1	2.48	1	0
1886	31	3000005800	Aunt Jemima Lite Syrup	12	24 OZ	1	36.24	13.15	0.00	0.00	1	Case	12	20	23.09	0.00	1	2.48	1	0
1887	31	3000005970	Aunt Jemima Pancake  Syruo	12	24 OZ	1	36.24	13.15	0.00	0.00	1	Case	12	20	23.09	0.00	1	2.48	1	0
2339	31	3000065800	Pearl Lite Syrup	12	24 OZ	1	45.24	21.24	0.00	0.00	1	Case	12	27.7	24.00	0.00	1	2.48	1	0
2340	31	3000065940	Pearl Reg. Butter Syrup	12	24 OZ	1	45.24	21.24	0.00	0.00	1	Case	12	27.7	24.00	0.00	1	2.48	1	0
2341	31	3000065970	Pearl Regular Syrup	12	24 OZ	1	45.24	21.24	0.00	0.00	1	Case	12	27.7	24.00	0.00	1	2.48	1	0
2323	31	3000005800	Aunt Jemima Lite Syrup	12	24 OZ	1	36.24	13.15	0.00	0.00	1	Case	12	22	23.09	0.00	1	2.98	1	0
2324	31	3000005970	Aunt Jemima Pancake Syrup	12	24 OZ	1	36.24	13.15	0.00	0.00	1	Case	12	22	23.09	0.00	1	2.98	1	0
2336	31	3000065040	Pearl Milling Pamcake Mix	12	32 OZ	1	42.84	13.80	0.00	0.00	1	Case	12	26.7	29.04	0.00	1	2.48	1	0
2475	31	3000065620	Perel Butter Rich Lite Syurp	12	24 OZ	1	42.48	16.32	0.00	0.00	1	Case	12	27.7	26.16	0.00	1	2.48	1	0
868	31	3000005620	A/Jemima Syrup Butter Lite	12	24 OZ	1	38.76	0.00	15.80	0.00	1	Case	12	24	22.17	0.00	1	2.48	1	0
641	31	0000005800	A/Jemima Pancake Syrup Lite	12	24 OZ	1	38.76	0.00	15.80	0.00	1	Case	12	14	22.17	0.00	1	2.48	1	0
642	31	0000005970	A/Jemima Pancake Syrup Regular	12	24 OZ	1	38.76	0.00	15.80	0.00	1	2 Layer	288	336	532.08	0.00	1	2.48	24	0
752	31	0000005940	A/Jemima Syrup Butter Rich	12	24 OZ	1	38.76	0.00	15.80	0.00	1	Case	12	20	22.17	0.00	1	2.48	1	0
649	31	0000032203	Gatorade Pony Pallet 5 Flavor	480	32 OZ	1	595.60	0.00	206.80	48.00	1	Pallet	480	1160	419.42	48.00	1	0.98	1	0
655	31	0000032221	Gatorade Power Plus 2009 Plt	840	32 OZ	1	1105.30	0.00	330.00	84.00	1	Pallet	840	2030	735.00	84.00	1	0.98	1	0
704	31	5200050632	Propel Lemon	4	6 PK	1	13.00	0.00	4.16	1.20	1	Case	4	20	8.48	1.20	1	2.98	1	0
705	31	5200050633	Propel Berry	4	6 PK	1	13.00	0.00	4.16	1.20	1	Case	4	20	8.48	1.20	1	2.98	1	0
706	31	5200050640	Propel Kiwi Strawberry	4	6 PK	1	13.00	0.00	4.16	1.20	1	Case	4	20	8.48	1.20	1	2.98	1	0
713	31	0000020920	Gatorade 8 Pack Mixed Plt	108	20 OZ	1	630.72	0.00	179.40	43.20	1	Pallet	108	1200	438.71	43.20	1	4.98	1	0
736	31	5200000254	Propel Blueberry Pomegranate	12	710 ML	1	10.00	0.00	5.30	1.20	1	Case	12	20	4.50	1.20	2	0.50	1	0
737	31	5200000343	Propel Black Cherry	12	710 ML	1	10.00	0.00	5.30	1.20	1	Case	12	20	4.50	1.20	2	0.50	1	0
738	31	5200000344	Propel Peach Mango	12	710 ML	1	10.00	0.00	5.30	1.20	1	Case	12	20	4.50	1.20	2	0.50	1	0
739	31	5200000299	Propel Lemon	12	710 ML	1	10.00	0.00	5.30	1.20	1	Case	12	20	4.50	1.20	2	0.50	1	0
740	31	5200000338	Propel Berry	12	710 ML	1	10.00	0.00	5.30	1.20	1	Case	12	20	4.50	1.20	2	0.50	1	0
741	31	5200000339	Propel Kiwi Stwarberry	12	710 ML	1	10.00	0.00	5.30	1.20	1	Case	12	20	4.50	1.20	2	0.50	1	0
742	31	5200000342	Propel Grape	12	710 ML	1	10.00	0.00	5.30	1.20	1	Case	12	20	4.50	1.20	2	0.50	1	0
750	31	0000000000	Propel Mixed Pallet	12	24 OZ	1	4.50	0.00	0.00	1.20	1	Case	900	1500	337.50	90.00	2	0.50	75	0
523	31	5200032234	Gatorade 2008-7 Flavor Plt	840	32 OZ	1	947.10	0.00	283.00	84.00	1	Pallet	840	1700	659.56	84.00	1	0.98	1	0
452	31	0000032742	Gatorade 3 Flavor Pallet	840	32 OZ	1	947.10	0.00	280.00	84.00	1	Pallet	840	1750	667.10	84.00	1	0.98	1	0
76	31	0000032202	Gatorade 3 Flavor Plt	840	32 OZ	1	1105.30	0.00	330.00	84.00	1	Pallet	840	2030	734.00	84.00	1	0.98	1	0
77	31	0000032226	Gatorade 7 Flavor Plt	840	32 OZ	1	947.10	0.00	283.50	84.00	1	Pallet	840	1700	667.10	84.00	1	0.98	1	0
905	31	5200004913	Gatorade Mixed Pallet	162	8/20 OZ	1	1003.32	0.00	313.20	64.80	1	Pallet	162	1800	670.12	64.80	1	4.98	1	0
1147	31	0000004382	Gatorade Fl From Home	660	32 OZ	1	868.45	0.00	301.40	66.00	1	Pallet	660	1500	412.53	66.00	1	0.88	1	0
864	31	0000020807	Gatorade Orange	3	8/20 OZ	1	18.58	0.00	5.81	1.20	1	Case	3	30	12.77	1.20	1	4.98	1	0
830	31	5200020021	Gatorade G2 Galcier Freeze	3	8/20 OZ	1	17.52	0.00	5.00	1.20	1	Case	3	20	12.17	1.20	1	4.98	1	0
831	31	5200020811	Gatorade Xfactor Punch Bry	3	8/20 OZ	1	18.58	0.00	5.81	1.20	1	Case	3	20	12.77	1.20	1	4.98	1	0
832	31	5200020870	Gatorade G2 Fruit Punch	3	8/20 OZ	1	17.52	0.00	5.00	1.20	1	Case	3	20	12.17	1.20	1	4.98	1	0
804	31	5200020805	Gatorade Lemon Lime	3	8/20 OZ	1	22.98	0.00	5.95	1.20	1	Case	3	30	17.03	1.20	1	6.98	1	0
805	31	5200020806	Gatorade Fruit Punch	3	8/20 OZ	1	22.98	0.00	5.95	1.20	1	Case	3	30	17.03	1.20	1	6.98	1	0
806	31	5200020807	Gatorade Orange	3	8/20 OZ	1	22.98	0.00	5.95	1.20	1	Case	3	30	17.03	1.20	1	6.98	1	0
807	31	5200020809	Gatorade Riptied Frost	3	8/20 OZ	1	22.98	0.00	5.94	1.20	1	Case	3	30	17.04	1.20	1	4.98	1	0
808	31	5200020842	Gatorade Fierce Grape	3	8/20 OZ	1	18.58	0.00	5.81	1.20	1	Case	3	30	12.77	1.20	1	4.98	1	0
809	31	5200020844	Gatorade Cool Blue	3	8/20 OZ	1	18.58	0.00	5.81	1.20	1	Case	3	30	12.77	1.20	1	4.98	1	0
1527	31	5200046304	Gatorade 5 Flavor Pallet	660	32 OZ	1	868.45	393.80	0.00	66.00	1	Pallet	660	1549.35	481.80	66.00	1	0.98	1	0
1411	31	0000004630	Gatorade Mixed Pallet 4 Flav	660	32 OZ	1	957.00	0.00	151.25	66.00	1	Pallet	660	1549.35	786.61	66.00	1	1.38	1	0
1425	31	5200010368	Gatorade Retro Pallet	660	32 OZ	1	868.45	329.17	0.00	66.00	1	Pallet	660	1549.35	541.28	66.00	1	0.98	1	0
2507	31	5200013513	Gatorade Fruit Punch	15	28 OZ	1	27.45	0.00	7.92	1.50	1	Case	15	28	19.53	1.50	1	1.48	1	0
2508	31	5200013515	Gatorade Lemon Lime	15	28 OZ	1	27.45	0.00	7.92	1.50	1	Case	15	28	19.53	1.50	1	1.48	1	0
2509	31	5200013519	Gatorade Glacier Freeze	15	28 OZ	1	27.45	0.00	7.92	1.50	1	Case	15	28	19.53	1.50	1	1.48	1	0
2510	31	5200013514	Gatorade Orange	15	28 OZ	1	27.45	0.00	7.92	1.50	1	Case	15	28	19.53	1.50	1	1.48	1	0
2511	31	5200000000	Gatorade PLT 4 Flavor 28oz	750	28 OZ	1	1372.50	0.00	382.50	75.00	1	Pallet	750	1760	963.00	75.00	1	1.58	1	0
2519	31	0000004797	Gatorade 6 FLV Pallet Mods	750	28 OZ	1	1605.00	0.00	818.00	75.00	1	Pallet	750	1760	787.00	75.00	1	1.48	1	0
1935	31	5200033875	Gatorade Fruit Punch	12	32 OZ	1	17.40	0.00	2.75	1.20	1	Case	12	28	10.68	1.20	1	1.18	1	0
1936	31	5200032016	Gatorade Glacier Freeze	12	32 OZ	1	17.40	0.00	2.75	1.20	1	Case	12	28	10.68	1.20	1	1.18	1	0
1943	31	0000000000	Gatorade Open Stock Mix PLT	660	32 OZ	1	957.00	88.55	261.25	66.00	1	Pallet	660	1540	514.80	66.00	1	0.98	1	0
2087	31	5200010246	Gatorade Tropical Cooler	3	8 PK	1	18.58	0.00	5.81	1.20	1	Case	3	30	12.77	1.20	1	4.98	1	0
1933	31	5200033877	Gatorade Lemon Lime	12	32 OZ	1	17.40	0.00	2.75	1.20	1	Case	12	28	14.65	1.20	1	1.48	1	0
1934	31	5200033876	Gatorade Orange	12	32 OZ	1	17.40	0.00	2.75	1.20	1	Case	12	28	10.68	1.20	1	1.18	1	0
2019	31	5200033777	Gatorade Orange	4	128 OZ	1	15.12	0.00	2.56	0.40	1	Case	4	33	12.56	0.00	1	3.98	0.4	0
2033	31	5200020808	Gatorade Galcier Freeze Frost	3	8 PK	1	22.98	0.00	5.95	1.20	1	Case	3	30	17.03	1.20	1	6.98	1	0
2034	31	0000000000	Gatorade Open Stock Mod 8pk	162	8 PK	1	1240.92	0.00	321.30	64.80	1	Module	162	1620	794.81	64.80	1	6.98	1	0
2186	31	5200004861	Gatorade March Maddness Pallet	660	32 OZ	1	957.00	0.00	448.00	66.00	1	Pallet	660	1540	489.86	66.00	1	0.98	1	0
1979	31	5200033775	Gatorade Fruit Punch	4	128 OZ	1	15.12	0.00	2.56	0.40	1	Case	4	33	12.56	0.40	1	3.98	1	0
1980	31	5200033776	Gatorade Lemon Lime	4	128 OZ	1	15.12	0.00	2.56	0.40	1	Case	1	33	2.56	0.40	1	3.98	1	0
1981	31	5200033777	Gatorade Orange	4	128 OZ	1	15.12	0.00	2.56	0.40	1	Case	4	33	12.546	0.40	1	3.98	1	0
2559	31	5200004915	Gatorade 8 pack 6 Flavor	162	20 OZ	1	1338.12	298.08	212.22	64.80	1	Pallet	162	1800	814.44	64.80	1	6.98	1	0
2059	31	5200032555	Gatorade Cool Blue Raspberry	12	32 OZ	1	15.79	0.00	6.55	1.20	1	Case	12	28	9.24	1.20	1	0.98	1	0
2416	31	1530001498	MUC Cups Bold Cheese Mac&Ches	12	5.90 OZ	1	14.04	4.68	0.00	0.00	1	Case	12	3	9.36	0.00	1	0.98	0	0
2417	31	1530001499	MUC Box Cheesy Jal.	12	5.70 OZ	11	18.72	7.44	0.00	0.00	1	Case	12	8	11.28	0.00	1	0.98	1	0
2418	31	1530020023	MUC Flamin Hot Box	12	5.60 OZ	1	18.72	9.72	0.00	0.00	1	Case	12	8	9.00	0.00	1	0.98	1	0
2485	31	3000001498	MUC Bold Cheese	12	5.90 OZ	1	18.72	7.44	0.00	0.00	1	Case	12	8	11.28	0.00	1	1.28	1	0
1634	31	3000031296	Quaker Chewy Granola Bars Ship	96	8 CT	1	298.56	106.56	0.00	0.00	1	Shipper	96	70	192.00	0.00	1	2.98	1	0
1635	31	0000056637	Quaker Chewy Single Serve	60	1 CT	1	27.54	0.00	13.90	0.00	1	Shipper	60	20	11.25	0.00	4	0.25	1	0